1,1.7,0.126,262.80,62920.00
2,10.3,0.139,258.16,62357.35
3,18.9,0.150,255.87,61926.87
4,27.5,0.161,254.72,61529.53
5,36.1,0.175,255.10,61062.17
6,44.6,0.187,256.39,60689.14
7,53.2,0.200,257.99,60309.45
8,61.8,0.216,259.88,59871.51
9,70.4,0.232,261.81,59462.15
10,79.0,0.245,264.17,59147.05
11,87.6,0.261,266.53,58778.30
12,96.2,0.277,268.83,58428.61
13,104.7,0.292,271.13,58115.98
14,113.3,0.308,273.44,57797.38
15,121.9,0.325,275.74,57473.62
16,130.5,0.342,278.15,57163.72
17,139.1,0.361,280.82,56832.08
18,147.7,0.382,283.08,56482.22
19,156.3,0.398,284.63,56226.54
20,164.8,0.417,286.13,55934.62
21,173.4,0.437,288.27,55639.66
22,182.0,0.455,291.25,55383.18
23,190.6,0.474,294.22,55120.42
24,199.2,0.495,296.87,54839.39
25,207.8,0.516,299.47,54567.71
26,216.3,0.537,301.89,54304.72
27,224.9,0.554,304.45,54097.59
28,233.5,0.573,306.74,53871.68
29,242.1,0.592,309.11,53651.73
30,250.7,0.612,311.66,53425.75
31,259.3,0.636,314.12,53161.92
32,267.9,0.660,316.18,52906.12
33,276.4,0.680,318.42,52698.70
34,285.0,0.700,320.64,52495.67
35,293.6,0.723,322.89,52267.94
36,302.2,0.745,325.31,52055.22
37,310.8,0.771,327.47,51810.12
38,319.4,0.799,329.68,51553.51
39,328.0,0.813,331.76,51427.71
40,336.5,0.844,333.76,51155.15
41,345.1,0.863,335.94,50992.05
42,353.7,0.896,338.15,50715.28
43,362.3,0.920,340.17,50518.99
44,370.9,0.945,342.15,50310.93
45,379.5,0.972,344.25,50107.45
46,388.0,1.003,346.29,49870.15
47,396.6,1.026,348.37,49697.80
48,405.2,1.053,350.43,49499.27
49,413.8,1.084,352.26,49276.33
50,422.4,1.108,354.09,49107.20
51,431.0,1.136,355.59,48913.53
52,439.6,1.166,356.82,48710.50
53,448.1,1.195,358.61,48518.36
54,456.7,1.220,360.41,48355.62
55,465.3,1.252,361.79,48151.24
56,473.9,1.278,363.56,47988.34
57,482.5,1.309,365.10,47797.49
58,491.1,1.340,366.73,47610.30
59,499.7,1.370,368.23,47432.47
60,508.2,1.399,369.64,47263.63
61,516.8,1.429,371.31,47091.88
62,525.4,1.459,372.80,46922.96
63,534.0,1.490,374.68,46751.31
64,542.6,1.541,377.70,46474.60
65,551.2,1.607,380.70,46127.23
66,559.7,1.681,382.89,45751.92
67,568.3,1.755,384.83,45390.91
68,576.9,1.830,387.38,45038.24
69,585.5,1.903,389.14,44697.97
70,594.1,1.978,390.28,44378.29
71,602.7,2.052,391.60,44065.18
72,611.3,2.147,393.23,43677.85
73,619.8,2.232,395.20,43344.18
74,628.4,2.321,397.40,43006.32
75,637.0,2.410,398.89,42679.73
76,645.6,2.501,400.37,42356.93
77,654.2,2.500,401.84,42153.09
78,662.8,2.650,403.22,41830.28
79,671.4,2.738,404.11,41562.95
80,679.9,2.843,405.08,41225.16
81,688.5,2.940,406.71,40934.74
82,697.1,3.021,408.28,40693.65
83,705.7,3.114,410.18,40423.62
84,714.3,3.208,412.25,40157.53
85,722.9,3.301,414.24,39900.62
86,731.4,3.411,416.23,39604.55
87,740.0,3.519,418.24,39321.65
88,748.6,3.611,420.17,39086.35
89,757.2,3.718,422.19,38818.86
90,765.8,3.815,424.10,38581.95
91,774.4,3.923,426.33,38323.93
92,783.0,4.031,428.41,38071.64
93,791.5,4.136,430.40,37831.60
94,800.1,4.232,432.19,37616.58
95,808.7,4.338,433.89,37383.81
96,817.3,4.446,435.97,37151.51
97,825.9,4.554,437.99,36923.74
98,834.5,4.675,439.99,36673.71
99,843.1,4.795,441.61,36431.09
100,851.6,4.916,443.41,36191.57
101,860.2,5.009,445.02,36010.86
102,868.8,5.130,446.69,35779.87
103,877.4,5.250,448.61,35555.25
104,886.0,5.357,450.39,35358.41
105,894.6,5.491,452.04,35116.55
106,903.1,5.611,453.59,34904.14
107,911.7,5.730,455.41,34697.21
108,920.3,5.865,457.02,34466.73
109,928.9,5.986,458.48,34263.99
110,937.5,6.119,460.16,34045.12
111,946.1,6.237,462.09,33854.10
112,954.7,6.356,463.68,33664.44
113,963.2,6.488,465.24,33457.46
114,971.8,6.621,466.97,33252.44
115,980.4,6.755,468.76,33049.18
116,989.0,6.875,470.33,32869.95
117,997.6,7.007,471.94,32675.79
118,1006.2,7.127,473.54,32501.84
119,1014.8,7.272,475.08,32294.84
120,1023.3,7.404,476.47,32109.41
121,1031.9,7.550,478.23,31907.47
122,1040.5,7.695,480.04,31709.98
123,1049.1,7.828,481.34,31531.51
124,1057.7,7.973,482.97,31339.82
125,1066.3,8.106,484.69,31166.45
126,1074.8,8.249,486.27,30982.56
127,1083.4,8.393,487.75,30800.02
128,1092.0,8.524,489.28,30636.21
129,1100.6,8.670,490.79,30456.01
130,1109.2,8.828,492.24,30263.86
131,1117.8,8.973,493.64,30089.99
132,1126.4,9.116,494.98,29920.81
133,1134.9,9.273,496.46,29737.57
134,1143.5,9.417,498.06,29571.71
133,1152.1,9.560,499.48,29409.03
136,1160.7,9.719,501.10,29230.43
137,1169.3,9.864,502.36,29069.66
138,1177.9,10.021,504.08,28897.72
139,1186.5,10.164,505.51,28742.96
140,1195.0,10.332,506.92,28563.41
141,1203.6,10.489,508.27,28397.79
142,1212.2,10.632,509.50,28248.79
143,1220.8,10.788,510.78,28088.00
144,1229.4,10.958,512.23,27915.03
145,1238.0,11.114,513.75,27758.18
146,1246.5,11.268,514.86,27605.10
147,1255.1,11.424,516.17,27451.83
148,1263.7,11.605,517.59,27276.10
149,1272.3,11.747,519.02,27139.78
150,1280.9,11.916,520.30,26979.28
151,1289.5,12.085,521.54,26820.66
152,1298.1,12.252,522.83,26665.73
153,1306.6,12.419,524.23,26512.49
154,1315.2,12.587,525.44,26360.04
155,1323.8,12.754,526.66,26210.15
156,1332.4,12.923,527.97,26060.12
157,1341.0,13.103,529.34,25902.05
158,1349.6,13.269,530.63,25757.84
159,1358.2,13.431,531.75,25614.20
160,1366.7,13.628,532.90,25451.03
161,1375.3,13.794,534.07,25311.43
162,1383.9,13.975,535.47,25160.80
163,1392.5,14.153,536.80,25014.16
164,1401.1,14.331,537.76,24869.06
165,1409.7,14.510,539.03,24724.66
166,1418.2,14.689,540.46,24581.67
167,1426.8,14.868,541.74,24440.08
168,1435.4,15.047,542.79,24299.90
169,1444.0,15.224,544.01,24162.62
170,1452.6,15.401,545.33,24026.63
171,1461.2,15.591,546.30,23882.06
172,1469.8,15.769,547.42,23747.97
173,1478.3,15.972,548.43,23596.58
174,1486.9,16.149,549.98,23465.85
175,1495.5,16.337,550.90,23328.24
176,1504.1,16.527,551.89,23190.53
177,1512.7,16.716,553.06,23054.85
178,1521.3,16.905,554.35,22920.40
179,1529.9,17.095,555.41,22786.47
180,1538.4,17.295,556.46,22646.83
181,1547.0,17.495,557.74,22508.49
182,1555.6,17.684,558.75,22378.95
183,1564.2,17.873,559.78,22250.56
184,1572.8,18.061,560.89,22123.96
185,1581.4,18.272,561.72,21983.17
186,1589.9,18.459,562.86,21859.51
187,1598.5,18.658,563.97,21729.10
188,1607.1,18.858,564.89,21599.16
189,1615.7,19.058,566.21,21470.35
190,1624.3,19.256,567.13,21343.90
191,1632.9,19.466,568.44,21210.94
192,1641.5,19.677,569.13,21078.53
193,1650.0,19.876,570.25,20954.78
194,1658.6,20.065,571.36,20838.23
195,1667.2,20.294,572.47,20698.31
196,1675.8,20.444,573.53,20606.80
197,1684.4,20.758,574.59,20418.09
198,1693.0,20.990,575.55,20280.27
199,1701.6,21.141,576.58,20190.74
200,1710.1,21.292,577.68,20102.17
201,1718.7,21.606,578.52,19919.61
202,1727.3,21.838,579.60,19786.21
203,1735.9,22.071,580.94,19653.42
204,1744.5,22.221,581.91,19567.90
205,1753.1,22.535,582.32,19391.69
206,1761.6,22.767,583.59,19262.86
207,1770.2,23.000,584.85,19134.55
208,1778.8,23.232,585.82,19007.78
209,1787.4,23.464,586.55,18882.08
210,1796.0,23.778,587.28,18713.69
211,1804.6,23.930,588.26,18632.88
212,1813.2,24.081,589.58,18552.88
213,1821.7,24.395,591.21,18387.81
214,1830.3,24.627,592.32,18266.90
215,1838.9,24.938,593.00,18106.36
216,1847.5,25.003,594.15,18073.39
217,1856.1,25.292,595.02,17925.89
218,1864.7,25.580,596.03,17780.30
219,1873.3,25.794,597.51,17672.94
220,1881.8,25.932,598.39,17603.99
221,1890.4,26.221,599.41,17460.65
222,1899.0,26.435,600.17,17355.83
223,1907.6,26.724,601.27,17214.79
224,1916.2,26.862,602.20,17147.74
225,1924.8,27.227,603.07,16972.57
226,1933.3,27.440,603.99,16870.92
227,1941.9,27.803,604.80,16699.37
228,1950.5,27.716,605.22,16740.58
229,1959.1,28.082,606.47,16568.93
230,1967.7,28.371,606.82,16435.18
231,1976.3,28.660,608.02,16302.15
232,1984.9,28.799,608.73,16238.88
233,1993.4,29.080,609.71,16107.41
234,2002.0,29.303,610.45,16010.71
235,2010.6,29.746,611.15,15812.72
236,2019.2,29.814,611.58,15782.82
237,2027.8,30.191,612.42,15616.65
238,2036.4,30.492,613.06,15485.65
239,2045.0,30.870,613.34,15322.82
240,2053.5,31.015,614.06,15260.51
241,2062.1,31.238,614.57,15165.67
242,2070.7,31.538,615.55,15038.99
243,2079.3,31.838,616.21,14912.92
244,2087.9,32.139,617.19,14787.90
245,2096.5,32.362,618.19,14695.83
246,2105.0,32.585,619.00,14604.30
247,2113.6,32.962,619.48,14450.32
248,2122.2,33.418,620.18,14266.68
249,2130.8,33.408,620.90,14270.74
250,2139.4,33.787,621.73,14119.61
251,2148.0,34.165,622.51,13970.34
252,2156.6,34.606,623.32,13798.01
253,2165.1,34.670,623.91,13773.18
254,2173.7,35.029,624.69,13634.45
255,2182.3,35.314,625.40,13525.17
256,2190.9,35.673,625.86,13388.63
257,2199.5,35.885,626.57,13308.59
258,2208.1,36.023,627.18,13256.66
259,2216.7,36.381,628.23,13122.71
260,2225.2,36.740,628.84,12989.52
261,2233.8,37.173,629.76,12830.38
262,2242.4,37.237,630.64,12806.95
263,2251.0,37.596,630.96,12676.29
264,2259.6,37.956,631.71,12546.78
265,2268.2,38.241,632.66,12444.65
266,2276.7,38.600,633.35,12316.95
267,2285.3,38.811,634.03,12242.29
268,2293.9,39.166,635.00,12117.86
269,2302.5,39.505,635.87,11999.56
270,2311.1,39.982,636.67,11834.62
271,2319.7,39.972,637.22,11837.94
272,2328.3,40.242,637.85,11745.51
273,2336.8,40.650,638.75,11606.42
274,2345.4,40.920,639.78,11515.26
275,2354.0,41.328,640.39,11378.03
276,2362.6,41.389,641.08,11357.83
277,2371.2,41.757,641.89,11235.08
278,2379.8,42.066,642.71,11132.70
279,2388.4,42.405,643.60,11021.41
280,2396.9,42.814,644.24,10888.14
281,2405.5,42.805,644.98,10890.90
282,2414.1,43.284,645.81,10735.99
283,2422.7,43.622,646.56,10627.29
284,2431.3,43.956,647.09,10520.92
285,2439.9,44.334,648.46,10401.31
286,2448.4,44.389,648.87,10383.73
287,2457.0,44.832,649.33,10244.66
288,2465.6,45.081,649.78,10167.08
289,2474.2,45.459,650.62,10049.66
290,2482.8,45.773,651.54,9953.00
291,2491.4,45.823,652.13,9936.17
292,2500.0,46.336,652.77,9780.95
293,2508.5,46.650,653.43,9685.75
294,2517.1,47.027,654.25,9571.87
295,2525.7,47.341,654.88,9477.87
296,2534.3,47.526,655.55,9422.69
297,2542.9,47.969,656.23,9291.32
298,2551.5,48.283,656.87,9198.82
299,2560.1,48.727,657.98,9068.86
300,2568.6,48.979,658.61,8995.54
301,2577.2,49.232,659.11,8922.21
302,2585.8,49.680,659.87,8793.15
303,2594.4,49.998,660.80,8702.11
304,2603.0,50.643,661.55,8518.98
305,2611.6,50.765,661.88,8484.56
306,2620.1,50.952,662.64,8431.88
307,2628.7,51.466,663.41,8288.06
308,2637.3,51.785,664.16,8199.66
309,2645.9,52.234,664.82,8075.62
310,2654.5,52.486,665.21,8006.43
311,2663.1,52.870,666.13,7901.47
312,2671.7,53.384,666.46,7762.08
313,2680.2,53.732,667.72,7668.57
314,2688.8,54.111,668.45,7566.97
315,2697.4,54.268,668.86,7525.02
316,2706.0,54.537,669.57,7453.61
317,2714.6,54.915,670.32,7353.51
318,2723.2,55.239,670.85,7268.11
319,2731.8,55.563,671.39,7183.40
320,2740.3,55.941,672.28,7084.80
321,2748.9,55.989,673.07,7072.42
322,2757.5,56.478,673.66,6945.72
323,2766.1,56.858,674.40,6848.10
324,2774.7,57.126,674.98,6779.35
325,2783.3,57.616,675.53,6654.72
326,2791.8,57.718,676.14,6613.90
327,2800.4,57.777,676.85,6628.73
328,2809.0,58.413,677.47,6453.40
329,2818.0,58.746,678.14,6370.14
330,2826.2,59.079,678.47,6287.29
331,2834.8,59.000,679.50,6192.93
332,2843.4,59.548,680.33,6171.01
333,2851.9,60.027,681.21,6053.06
334,2860.5,60.311,681.67,5983.52
335,2869.1,60.691,682.14,5890.65
336,2877.7,61.170,682.87,5774.59
337,2886.3,61.210,683.39,5764.97
338,2894.9,61.592,684.13,5672.94
339,2903.5,61.924,684.74,5593.33
340,2912.0,62.207,685.20,5525.52
341,2920.6,62.540,685.98,5446.31
342,2929.2,63.067,686.75,5321.64
343,2937.8,63.011,687.35,5334.87
344,2946.4,63.428,687.82,5236.68
345,2955.0,63.793,688.51,5151.24
346,2963.5,64.111,689.16,5077.08
347,2972.1,64.429,689.88,5003.20
348,2980.7,64.887,690.51,4897.31
349,2989.3,64.880,691.13,4898.91
350,2997.9,65.338,691.72,4793.55
351,3006.5,65.703,692.68,4710.01
352,3015.1,65.976,693.29,4647.97
353,3023.6,66.387,693.89,4554.64
354,3032.2,66.892,694.44,4440.64
355,3040.8,66.884,695.10,4442.40
356,3049.4,67.343,695.99,4339.29
357,3058.0,67.709,696.61,4257.68
358,3066.6,68.044,697.02,4183.10
359,3075.2,68.331,697.46,4119.45
360,3083.7,68.728,698.23,4031.74
361,3092.3,68.758,698.85,4025.28
362,3100.9,69.045,699.57,3962.07
363,3109.5,69.369,700.20,3890.97
364,3118.1,69.657,700.75,3828.19
365,3126.7,69.981,701.13,3757.58
366,3135.2,70.305,701.91,3687.45
367,3143.8,70.519,702.70,3641.08
368,3152.4,70.807,703.29,3579.06
369,3161.0,71.130,703.74,3509.51
370,3169.6,71.450,704.06,3440.02
371,3178.2,71.779,705.08,3370.37
372,3186.8,72.104,705.77,3301.74
373,3195.3,72.391,706.56,3240.79
374,3203.9,72.569,707.02,3203.20
375,3212.5,72.964,707.38,3120.00
376,3221.1,73.319,708.18,3045.33
377,3229.7,73.640,708.64,2978.23
378,3238.3,73.996,709.40,2904.10
379,3246.9,74.388,710.08,2822.55
380,3255.4,74.381,710.41,2824.06
381,3264.0,74.847,711.01,2727.77
382,3272.6,75.277,711.80,2639.35
383,3281.2,75.597,712.60,2573.79
384,3289.8,75.953,712.93,2500.92
385,3298.4,76.382,713.47,2413.73
386,3306.9,76.520,713.90,2385.78
387,3315.5,76.877,714.50,2313.61
388,3324.1,77.234,715.26,2241.70
389,3332.7,77.609,715.91,2166.43
390,3341.3,77.941,716.31,2100.03
391,3349.9,78.243,716.82,2039.84
392,3358.5,78.607,717.65,1967.52
393,3367.0,78.754,718.36,1938.36
394,3375.6,79.118,718.96,1866.34
395,3384.2,79.451,719.63,1800.67
396,3392.8,79.753,719.87,1741.31
397,3401.4,80.086,720.69,1676.07
398,3410.0,80.481,721.25,1599.14
399,3418.6,80.690,721.67,1558.44
400,3427.1,80.992,722.18,1499.77
401,3435.7,81.356,722.71,1429.31
402,3444.3,81.720,723.38,1359.08
403,3452.9,82.053,723.76,1295.24
404,3461.5,82.439,724.48,1221.29
405,3470.1,82.887,725.12,1135.80
406,3478.6,82.910,725.67,1131.55
407,3487.2,83.288,726.09,1059.67
408,3495.8,83.665,726.46,988.25
409,3504.4,84.029,727.16,919.73
410,3513.0,84.335,727.76,862.12
411,3521.6,84.698,728.52,793.99
412,3530.2,85.119,728.95,715.47
413,3538.7,85.197,729.62,700.85
414,3547.3,85.675,729.91,612.09
415,3555.9,86.038,730.39,544.82
416,3564.5,86.430,731.26,472.60
417,3573.1,86.795,731.93,405.56
418,3581.7,87.185,732.28,333.99
419,3590.3,87.559,732.81,265.80
420,3598.8,87.679,733.31,243.82
421,3607.4,88.080,733.57,171.01
422,3616.0,88.454,734.34,103.35
423,3624.6,88.802,734.47,40.42
424,3633.2,89.025,734.75,0.35
425,3641.8,89.019,734.39,1.47
426,3650.4,89.038,734.67,-1.90
427,3658.9,89.031,734.37,-0.79
428,3667.5,89.025,734.31,0.32
429,3676.1,89.019,734.46,1.43
430,3684.7,89.064,734.44,-6.63
431,3693.3,89.058,734.27,-5.53
